#fastaconvtr -F tfasta -f ms -i ./100Kallchr.tfa -o ./100Kchr10_tfa2ms_11.ms.txt -W ./coord_100Kb_allchr.txt -n ./chr10.txt -k ./100Kchr10_tfa2ms_11_MASK.txt 
#fastaconvtr v0.1beta (20210614) Sebastian E. Ramos-Onsins.
#Data for TOTAL Alignment. format: ms length: 49999 Efflength: 3931.00 Booleanlength: 3931 NumVariants: 75 nwindows: 3 s/v: 2.947 GfreqT: 0.29 GfreqC: 0.21 GfreqG: 0.22 GfreqA: 0.28 GCs: 0.061 CpGs: 0.012 Cs+Gs: 0.431 
// 1	9999	913.00
segsites: 22
positions: 0.02228045 0.07442149 0.08222164 0.08268165 0.08410168 0.08596172 0.08652173 0.08672173 0.09724194 0.09754195 0.09810196 0.11174223 0.11624232 0.13012260 0.15908318 0.15942319 0.16324326 0.16694334 0.17428349 0.17952359 0.18088362 0.18100362 
0000000000000000000000
0000000000000000000000
0100001001000000010000
0100000001000100110000
0000000000010000000000
0000010000000000000000
0000000000000010000000
0000000000000000000000
0110000001000000010001
0000000000000000100000
0100000001000000110000
0100000001000000110000
0100000001000000110011
0100000001000000110001
0100001001000000110011
0100000001000000110000
0100000001000000110001
0100000001000000110001
0100000001000000010001
0100000001000000110001
1100000010000000010000
0001000000000000100100
0000000000000000000000
0000000000000000000000
0000000100000000000000
0000000000000000000000
0000000100000000000000
0000000000000000000000
1101000010000000110000
1101000010000000110000
1101000010000000110000
1101000010000000110000
1100000010000000010000
1001000000000000100000
0000000000000000000000
0000000000000000000000
0101100000001000010000
0101100000001000010000
0101100000100000011000
0101100000100000011000
0100100000000001010000
0100100000000001010000

// 20001	29999	672.00
segsites: 7
positions: 0.46950939 0.46954939 0.48940979 0.48968979 0.49470989 0.53329067 0.55161103 
0000000
0101000
0101000
0101000
0001000
0001000
0001001
0101000
0001000
0101000
0101000
0101000
0101000
0101000
0101000
0101000
0101000
0101000
0101000
0101000
0101000
0101000
0101000
0101000
0101000
0101000
0101000
0101000
0101000
0101000
0101000
0101000
0101000
0101000
0101000
0101000
0101111
0101111
0111110
0101110
1101110
1101110

// 40001	49999	849.00
segsites: 17
positions: 0.80173603 0.80187604 0.80615612 0.82087642 0.82095642 0.87413748 0.87417748 0.87437749 0.87701754 0.91271825 0.91367827 0.91777836 0.92503850 0.97367947 0.97747955 0.98489970 0.99681994 
00000000000000000
00000010000000001
00000010000000011
10000010000000001
00000000000000001
00000000000000001
00000000000000001
00000010100000001
00000000000000001
00000010000000001
00001010000000001
00001010000000001
00000010010000000
00000010010000000
00000010000000010
10000010000000001
00000010010000000
00000010010000000
00000010010000000
00000010010000000
00001010000010000
00001010000010000
00001010000010001
00001010000010001
00011010000010000
00001010000000001
00011010000010000
00000010000000001
00000011000001000
00000011000001000
00000011000001000
00000011000001000
00001011000011000
00000010000000000
00001010000010000
00001010000010000
00000010001000000
00000010001000000
00100010000000000
00000010000000000
01000110000100000
01000110000100100
