#fastaconvtr -F tfasta -f ms -i ./100Kallchr.tfa -o ./100Kchr10_tfa2ms_10.ms.txt -P 0 -n ./chr10.txt -k ./100Kchr10_tfa2ms_10_MASK.txt 
#fastaconvtr v0.1beta (20200518) Sebastian E. Ramos-Onsins.
#Data for TOTAL Alignment. format: ms length: 49999 Efflength: 3931.00 Booleanlength: 3931 NumVariants: 75 nwindows: 1 s/v: 2.947 GfreqT: 0.29 GfreqC: 0.21 GfreqG: 0.22 GfreqA: 0.28 GCs: 0.061 CpGs: 0.012 Cs+Gs: 0.431 
// 1	49999	3931.00
segsites: 75
positions: 0.02228045 0.07442149 0.08222164 0.08268165 0.08410168 0.08596172 0.08652173 0.08672173 0.09724194 0.09754195 0.09810196 0.11174223 0.11624232 0.13012260 0.15908318 0.15942319 0.16324326 0.16694334 0.17428349 0.17952359 0.18088362 0.18100362 0.20734415 0.24296486 0.24324486 0.24534491 0.30618612 0.30658613 0.30998620 0.32812656 0.37026741 0.37570751 0.37582752 0.37606752 0.38076762 0.38662773 0.46950939 0.46954939 0.48940979 0.48968979 0.49470989 0.53329067 0.55161103 0.62233245 0.64611292 0.64721294 0.64761295 0.64805296 0.66015320 0.66023320 0.66177324 0.68579372 0.68859377 0.68957379 0.69057381 0.69083382 0.77405548 0.79869597 0.80173603 0.80187604 0.80615612 0.82087642 0.82095642 0.87413748 0.87417748 0.87437749 0.87701754 0.91271825 0.91367827 0.91777836 0.92503850 0.97367947 0.97747955 0.98489970 0.99681994 
000000000000000000000000000000000000000000000000000000000000000000000000000
000000000000000000000000000000000000010100000000100000000000000010000000001
010000100100000001000001000100101000010100000000000000000000000010000000011
010000000100010011000000000110001010010100000000100000000010000010000000001
000000000001000000000000000000000000000100000000000000000000000000000000001
000001000000000000000000000000000000000100000000000000000000000000000000001
000000000000001000000000100000000000000100100000000000000000000000000000001
000000000000000000000000000000000000010100000000000000000000000010100000001
011000000100000001000100000000001000000100000000000000000000000000000000001
000000000000000010000010000110000101010100000000000000000000000010000000001
010000000100000011000000000000001000010100000000000000000000001010000000001
010000000100000011000000000000001000010100000000000000000000001010000000001
010000000100000011001100000110001101010100000000000000000000000010010000000
010000000100000011000100000110001101010100000000000000000000000010010000000
010000100100000011001100000110001000010100000000000000000000000010000000010
010000000100000011000000000110001101010100000000100000000010000010000000001
010000000100000011000100000110001101010100000000000000000000000010010000000
010000000100000011000100000110001101010100000000000000000000000010010000000
010000000100000001000100000110001101010100000000000000000000000010010000000
010000000100000011000100000110001101010100000000000000000000000010010000000
110000001000000001000000011000001000010100000010000000001000001010000010000
000100000000000010010000000110001000010100000010000000001000001010000010000
000000000000000000000000000000001000010100000010000000001000001010000010001
000000000000000000000000000000001000010100000010000000001000001010000010001
000000010000000000000000000000001000010100010010000100100000011010000010000
000000000000000000000000000000001000010100001000010001001000001010000000001
000000010000000000000000000000001000010100010010000100100000011010000010000
000000000000000000000000000000001000010100001000010001001000000010000000001
110100001000000011000000011110001000010100011000010101100000000011000001000
110100001000000011000000011110001000010100011000010101100000000011000001000
110100001000000011000000011110001000010100011000010101100000000011000001000
110100001000000011000000011110001000010100011000010101100000000011000001000
110000001000000001000000011000001000010100010010000000101000001011000011000
100100000000000010000000000010001000010100001000010000001000000010000000000
000000000000000000000000000000001000010100000010000000001000001010000010000
000000000000000000000000000000001000010100000010000000001000001010000010000
010110000000100001000001000100001000010111111101001111100000000010001000000
010110000000100001000001000100001000010111111101001111110000000010001000000
010110000010000001100001000101001000011111000010000101000000100010000000000
010110000010000001100001000101001000010111000010000101000000000010000000000
010010000000000101000001000100011000110111011101001111100101000110000100000
010010000000000101000001000100011000110111011101001111100101000110000100100
